GAP vector export summary
Pool2 input: 32 x 8 x 8 = 2048
GAP outputs: 32 (post-requant INT8)
gap_multiplier=1759306569 gap_shift=29
checksum=1061 min=7 max=62

channel  sum  raw_avg  gap_q
      0  806      13    43
      1  151       2     7
      2  737      12    39
      3  311       5    16
      4 1046      16    52
      5  587       9    29
      6  848      13    43
      7  762      12    39
      8  186       3    10
      9  829      13    43
     10  689      11    36
     11  436       7    23
     12  456       7    23
     13  450       7    23
     14  379       6    20
     15  967      15    49
     16  716      11    36
     17  556       9    29
     18  813      13    43
     19  984      15    49
     20 1061      17    56
     21 1240      19    62
     22  596       9    29
     23  434       7    23
     24  375       6    20
     25 1015      16    52
     26 1228      19    62
     27  190       3    10
     28  680      11    36
     29  360       6    20
     30  348       5    16
     31  425       7    23
